times_per_rank:
rank_0: 3.2446014881134033
rank_1: 3.244401216506958
rank_2: 3.2445218563079834
rank_3: 3.244473457336426
rank_4: 3.2445921897888184
rank_5: 3.244382619857788
rank_6: 3.2445104122161865
rank_7: 3.244495153427124
